0 0.92421875 0.2578125 0.1375 0.4140625
0 0.78125 0.25859375 0.13125 0.42890625
0 0.65 0.26328125 0.1359375 0.41875
0 0.5078125 0.2640625 0.1359375 0.42578125
0 0.3640625 0.25703125 0.14609375 0.421875
0 0.215625 0.25625 0.1296875 0.4265625
0 0.06328125 0.24765625 0.1265625 0.42265625
0 0.14375 0.8140625 0.134375 0.371875
0 0.2796875 0.81640625 0.13125 0.3671875
0 0.42421875 0.821875 0.128125 0.35546875
0 0.55859375 0.81875 0.1296875 0.3625
0 0.69296875 0.81953125 0.134375 0.3609375
0 0.8375 0.821875 0.134375 0.35625