0 0.92734375 0.325 0.1453125 0.43203125
0 0.79609375 0.303125 0.16015625 0.4484375
0 0.665625 0.28671875 0.16328125 0.4375
0 0.5234375 0.26796875 0.16328125 0.44296875
0 0.38203125 0.2375 0.17421875 0.44296875
0 0.23203125 0.215625 0.1609375 0.43125
0 0.08125 0.19921875 0.15625 0.3984375
0 0.1234375 0.75703125 0.16015625 0.38828125
0 0.26015625 0.78125 0.15625 0.3828125
0 0.4015625 0.80859375 0.15234375 0.371875
0 0.53359375 0.81640625 0.1515625 0.3671875
0 0.66796875 0.82734375 0.1609375 0.3453125
0 0.81484375 0.84140625 0.16015625 0.3171875