0 0.9234375 0.259375 0.13828125 0.415625
0 0.78203125 0.259375 0.13125 0.4265625
0 0.65078125 0.2625 0.134375 0.42109375
0 0.50703125 0.26484375 0.134375 0.4265625
0 0.36328125 0.25703125 0.1453125 0.42109375
0 0.21640625 0.25703125 0.13125 0.4265625
0 0.06328125 0.24765625 0.1265625 0.4203125
0 0.14375 0.8140625 0.134375 0.371875
0 0.2796875 0.81640625 0.13125 0.3671875
0 0.42265625 0.821875 0.1265625 0.35625
0 0.5578125 0.81953125 0.13125 0.3609375
0 0.69296875 0.81953125 0.134375 0.3609375
0 0.8375 0.821875 0.134375 0.35625